300
1.75    200    116    88    228    144
1.75    196    112    84    228    140
1.75    204    120    92    236    148
1.75    196    112    84    228    140
1.75    200    116    88    228    144
1.75    196    112    84    228    140
1.75    204    112    88    236    148
1.75    200    112    84    228    140
1.75    200    116    88    228    144
1.75    200    112    84    228    140
1.75    200    116    88    236    144
1.75    200    116    88    228    144
1.75    196    112    84    228    140
1.75    200    116    88    232    144
1.75    200    116    88    228    144
1.75    204    120    84    232    148
1.75    200    112    84    228    140
1.75    200    116    88    228    144
1.75    200    112    88    228    140
1.75    204    116    88    236    144
1.5    200    112    84    380    140
1.5    200    112    88    380    140
1.5    196    112    84    384    140
1.5    204    112    88    384    148
1.5    200    112    84    372    140
1.5    200    116    88    376    144
1.5    200    112    84    372    140
1.5    200    116    88    380    144
1.5    204    120    92    380    148
1.5    196    112    84    372    140
1.5    200    116    88    376    144
1.5    196    112    84    372    140
1.5    204    112    88    380    144
1.5    200    112    88    372    140
1.5    200    116    88    376    144
1.5    196    112    84    372    140
1.5    200    112    88    380    140
1.5    204    120    92    380    148
1.5    200    112    84    372    140
1.5    200    116    88    376    144
1.25    200    112    112    612    144
1.25    200    112    112    620    144
1.25    204    112    112    620    148
1.25    196    112    112    612    140
1.25    196    112    112    612    140
1.25    196    112    112    616    140
1.25    204    116    116    616    144
1.25    200    112    112    612    144
1.25    196    112    112    616    140
1.25    196    112    112    616    140
1.25    204    116    116    616    144
1.25    200    112    112    612    140
1.25    196    112    112    616    140
1.25    196    112    112    616    140
1.25    204    116    116    616    144
1.25    200    112    112    612    140
1.25    196    112    112    616    140
1.25    196    112    112    616    140
1.25    204    116    116    616    148
1.25    200    112    112    612    144
1    228    112    140    780    140
1    224    112    140    784    140
1    224    112    140    784    140
1    196    112    140    784    140
1    196    112    140    776    140
1    224    112    140    784    140
1    224    112    140    784    140
1    232    112    140    784    140
1    200    116    140    780    140
1    224    112    140    784    140
1    224    112    140    784    140
1    232    112    140    784    140
1    228    112    140    780    140
1    228    112    140    784    140
1    228    112    140    784    140
1    232    112    140    784    140
1    224    112    140    776    140
1    224    112    140    784    140
1    224    112    140    784    140
1    224    112    140    784    140
0.75    196    112    224    992    140
0.75    200    112    232    992    140
0.75    220    112    220    992    140
0.75    224    116    224    992    140
0.75    224    112    224    992    140
0.75    200    112    228    992    140
0.75    196    112    224    992    140
0.75    224    112    224    992    140
0.75    224    112    224    992    140
0.75    224    112    224    992    140
0.75    224    112    224    992    140
0.75    224    112    224    992    140
0.75    224    112    224    992    140
0.75    224    112    224    992    140
0.75    232    120    232    992    148
0.75    220    112    220    988    136
0.75    224    112    224    992    140
0.75    224    112    224    992    140
0.75    228    116    228    992    144
0.75    224    112    224    992    140
0.5    220    136    504    1040    136
0.5    224    140    484    1044    140
0.5    228    116    484    1044    144
0.5    224    140    480    1044    140
0.5    224    140    480    1044    140
0.5    224    140    484    1044    140
0.5    228    144    484    1044    144
0.5    224    140    480    1044    140
0.5    224    140    508    1044    140
0.5    220    136    484    1040    136
0.5    228    140    484    1044    140
0.5    224    140    508    1044    140
0.5    220    136    476    1040    136
0.5    220    136    484    1040    136
0.5    228    140    484    1044    140
0.5    224    140    508    1072    140
0.5    224    140    508    1044    140
0.5    224    140    484    1044    140
0.5    228    136    484    1040    136
0.5    224    112    508    1040    140
0.25    192    136    680    832    136
0.25    196    140    692    836    140
0.25    196    140    688    836    140
0.25    200    144    688    836    144
0.25    196    136    684    828    136
0.25    192    136    688    832    136
0.25    192    136    688    832    136
0.25    192    136    688    832    136
0.25    196    140    684    828    140
0.25    192    136    684    832    136
0.25    192    136    688    836    136
0.25    192    136    688    832    136
0.25    204    148    692    836    148
0.25    192    136    680    832    136
0.25    196    140    692    836    140
0.25    196    140    688    836    140
0.25    200    136    684    836    136
0.25    192    136    676    828    136
0.25    196    140    684    836    140
0.25    196    140    684    836    140
0    196    196    836    456    140
0    200    172    836    428    144
0    192    192    824    448    136
0    192    192    832    448    140
0    196    168    836    452    140
0    200    172    840    436    148
0    204    176    840    432    152
0    200    172    836    456    144
0    200    172    840    456    140
0    192    192    836    452    136
0    192    192    840    432    140
0    200    172    840    432    144
0    192    192    832    456    136
0    192    192    840    456    140
0    192    192    840    424    136
0    196    168    840    428    140
0    172    172    812    428    144
0    196    168    840    424    140
0    168    168    840    424    140
0    168    168    812    428    140
-0.25    192    332    868    220    136
-0.25    200    312    900    228    144
-0.25    192    332    888    220    136
-0.25    192    336    896    224    140
-0.25    192    336    892    220    140
-0.25    196    316    868    224    140
-0.25    200    312    868    228    144
-0.25    200    312    872    228    144
-0.25    200    316    872    228    144
-0.25    200    316    872    228    148
-0.25    208    320    872    236    148
-0.25    200    312    896    228    144
-0.25    196    312    868    224    136
-0.25    200    312    872    228    136
-0.25    192    316    868    228    136
-0.25    196    316    868    224    144
-0.25    192    312    872    220    140
-0.25    192    312    872    220    140
-0.25    192    308    872    220    136
-0.25    200    312    872    228    140
-0.5    192    716    688    136    136
-0.5    196    720    692    140    140
-0.5    200    716    688    136    136
-0.5    196    744    684    140    140
-0.5    196    720    684    140    140
-0.5    196    720    688    140    140
-0.5    192    716    688    164    140
-0.5    200    716    688    144    144
-0.5    196    744    684    140    140
-0.5    196    720    688    140    140
-0.5    196    720    688    140    140
-0.5    192    716    688    164    140
-0.5    196    712    684    168    140
-0.5    192    740    684    164    140
-0.5    196    720    684    140    140
-0.5    196    748    684    140    140
-0.5    200    740    684    144    144
-0.5    196    736    676    140    140
-0.5    192    740    680    136    136
-0.5    196    744    684    140    140
-0.75    196    928    456    136    136
-0.75    200    928    456    144    144
-0.75    192    924    476    136    136
-0.75    196    928    480    136    136
-0.75    196    928    456    140    140
-0.75    200    924    456    144    144
-0.75    196    928    480    140    140
-0.75    196    928    480    140    140
-0.75    196    920    448    136    136
-0.75    196    924    456    140    140
-0.75    200    920    456    144    144
-0.75    200    928    456    144    144
-0.75    204    928    460    148    148
-0.75    200    928    464    144    144
-0.75    208    928    464    148    148
-0.75    204    924    456    144    144
-0.75    200    928    456    136    136
-0.75    204    928    460    140    140
-0.75    196    928    460    140    140
-0.75    204    928    464    144    144
-1    200    844    200    136    136
-1    200    844    200    136    136
-1    200    844    200    136    136
-1    200    844    200    144    144
-1    196    848    196    140    140
-1    192    844    192    136    136
-1    220    872    192    136    136
-1    200    848    200    140    140
-1    224    868    196    140    140
-1    220    844    220    136    136
-1    224    872    192    136    136
-1    224    876    224    140    140
-1    200    848    200    144    144
-1    192    844    192    136    136
-1    196    848    196    136    136
-1    192    844    192    136    136
-1    200    848    200    112    144
-1    192    868    192    136    136
-1    196    848    196    140    140
-1    192    844    192    136    136
-1.25    196    720    136    136    136
-1.25    196    724    136    136    136
-1.25    200    728    140    140    140
-1.25    204    728    144    116    144
-1.25    196    720    140    140    140
-1.25    196    724    136    136    136
-1.25    196    724    136    136    136
-1.25    204    728    144    116    144
-1.25    196    720    140    140    140
-1.25    196    724    136    136    136
-1.25    196    728    140    140    140
-1.25    204    728    140    140    140
-1.25    196    752    140    140    140
-1.25    200    728    140    140    140
-1.25    196    728    140    140    140
-1.25    200    724    140    140    140
-1.25    196    720    140    112    140
-1.25    200    728    112    112    144
-1.25    200    728    116    116    144
-1.25    204    728    112    112    144
-1.5    176    468    88    116    148
-1.5    200    460    84    112    140
-1.5    196    460    84    112    140
-1.5    172    464    88    116    144
-1.5    168    464    84    112    140
-1.5    176    468    92    120    148
-1.5    168    460    84    112    140
-1.5    204    468    92    120    148
-1.5    204    472    92    120    148
-1.5    180    472    92    124    124
-1.5    208    468    92    120    148
-1.5    204    468    84    112    148
-1.5    204    472    84    112    148
-1.5    208    472    84    112    140
-1.5    176    468    88    116    144
-1.5    204    468    88    112    140
-1.5    200    468    84    112    140
-1.5    200    472    84    112    140
-1.5    204    472    92    120    148
-1.5    200    468    88    116    144
-1.75    200    316    88    112    140
-1.75    196    320    84    112    140
-1.75    168    316    84    112    140
-1.75    196    316    84    112    140
-1.75    200    316    88    116    144
-1.75    196    312    84    112    140
-1.75    176    324    88    116    148
-1.75    200    316    88    116    144
-1.75    200    316    84    112    140
-1.75    200    316    88    116    144
-1.75    200    320    88    112    144
-1.75    204    320    92    120    148
-1.75    200    316    88    116    144
-1.75    200    316    88    116    144
-1.75    196    312    84    112    140
-1.75    208    324    88    116    144
-1.75    204    320    92    120    120
-1.75    204    320    92    120    148
-1.75    204    320    92    116    144
-1.75    208    328    88    116    148
